0
-61.654
-57.6709
-57.6709
-55.9653
-55.9653
-55.9653
-47.9882
-47.9882
-49.7712
-49.7712
-51.677
-53.3839
-54.7546
-54.7546
-54.7546
-47.3872
-38.5255
-30.315
-30.315
-38.6804
-43.2092
-44.3737
-44.3737
-44.3622
-44.3622
-45.5715
-45.5715
-41.8155
-41.8155
-41.8155
-41.7198
-41.7198
-41.7198
-41.7198
-43.541
-43.8718
-44.5576
-44.7635
-44.7635
-49.1428
-49.6371
-49.6371
-49.6371
-49.6371
-49.6371
-47.7555
-47.7555
-48.6666
-48.6666
-48.6666
-49.1424
-50.8344
-51.3831
-53.7706
-53.7706
-53.143
-53.143
-53.143
-50.4268
-50.4268
-50.7936
-53.4966
-53.4966
-50.2111
-50.2111
-50.389
-51.851
-51.851
-51.851
-54.0163
-54.0163
-51.5151
-51.5151
-52.1939
-52.1939
-49.665
-49.665
-49.665
-48.7495
-48.7495
-52.9011
-52.9011
-52.8236
-52.8236
-52.8236
-48.9325
-48.9104
-40.1373
-26.04
-23.2002
-22.1369
-21.7352
-21.4947
-20.8011
-20.7053
-20.7053
-20.9497
-20.9628
-21.2006
-21.6565
-22.1016
-22.8069
-23.8026
-24.2972
-24.6962
-25.2497
-25.9228
-26.633
-26.6439
-27.4498
-28.5371
-28.5527
-28.6046
-29.158
-30.4148
-31.482
-33.1088
-36.2526
-36.8182
-36.8182
-36.8182
-37.5433
-39.1741
-40.3859
-40.7326
-40.7326
-40.7326
-40.7326
-42.3246
-42.3874
-46.0398
-46.0398
-47.268
-47.268
-48.0015
-48.0015
-49.5119
-49.5119
-51.1161
-53.548
-53.548
-53.4891
-48.7918
0
