0
-61.654
-57.6709
-57.6709
-55.9653
-55.9653
-55.9653
-47.9882
-47.9882
-47.9882
-47.9882
-51.677
-53.3839
-54.7546
-54.7546
-54.7546
-38.5255
-38.5255
-30.315
-30.315
-38.6804
-38.6804
85.4093
85.4093
85.4093
85.4093
-45.5715
-45.5715
73.7327
73.7327
73.7327
73.7327
82.7586
82.7586
-41.3641
-41.3641
71.535
71.535
71.535
71.535
71.535
71.535
-49.6371
-49.6371
-48.902
-47.6306
-47.6306
-47.6306
100.84
100.84
96.3855
95.0495
-50.8344
-51.3831
-53.7706
-53.7706
-53.143
-53.143
-53.143
-50.4268
-50.4268
-50.7936
-53.4966
-53.4966
112.941
112.941
112.941
-51.851
-51.851
-51.851
-54.0163
-54.0163
-51.5151
-51.5151
-52.1939
-52.1939
-49.665
-49.665
-48.0365
-48.0365
-48.7495
-52.9011
-52.9011
-52.8236
-52.8236
-52.8236
-48.9325
-48.9104
-40.1373
194.332
222.222
222.222
223.256
225.352
225.352
224.299
223.256
219.178
217.195
214.286
211.454
208.696
205.128
201.681
200
195.918
192
189.723
186.77
183.908
180.451
177.778
172.662
170.213
168.421
166.667
163.823
162.162
162.162
162.162
162.162
162.162
182.51
182.51
178.439
174.545
174.545
174.545
145.897
145.897
145.897
145.897
145.897
106.43
106.43
192
192
192
204.255
204.255
-53.548
-53.548
-53.4891
184.615
0
