0
-55.5328
-52.9884
-53.2469
-52.0765
-52.5496
-53.8573
-46.2527
-44.3
-51.5604
-47.6151
-49.093
-50.1998
-52.094
-51.1172
-53.2172
-45.7007
-37.8305
-29.5471
-30.0396
-38.1495
-42.0504
-44.9071
-43.0177
-42.9194
-43.0477
-50.3934
-44.0768
-40.1076
-40.8057
-42.1025
-39.4455
-40.7442
-40.7407
-40.3921
-42.4037
-42.7108
-43.2553
-47.0337
-43.3852
-46.9529
-48.5161
-47.6519
-48.0308
-46.9997
-48.234
-45.9268
-46.0143
-46.9777
-46.7712
-46.3259
-47.2215
-48.4936
-48.7839
-50.6208
-51.1888
-49.2323
-50.3209
-52.2413
-48.2887
-48.1073
-48.5474
-51.1726
-50.2888
-47.9327
-47.9182
-48.0933
-49.6208
-49.3644
-48.8942
-51.562
-50.8279
-48.9415
-47.657
-50.7813
-49.3853
-44.7887
-47.6723
-48.1397
-46.207
-46.7744
-50.708
-50.2039
-49.9989
-48.0833
-50.2012
-47.0772
-46.9872
-39.5891
-25.8816
-23.0785
-22.0239
-21.6285
-21.3919
-20.705
-20.6097
-20.5399
-20.8514
-20.8639
-21.0989
-21.5505
-21.9917
-22.6878
-23.6686
-24.1574
-24.5508
-25.0959
-25.7599
-26.4603
-26.472
-27.2587
-28.3221
-28.3407
-28.3888
-28.9231
-30.1442
-31.182
-32.7477
-35.7336
-37.9089
-36.2986
-35.9531
-37.0042
-38.4784
-39.5978
-40.2419
-39.8405
-40.2716
-38.8768
-41.3772
-41.4487
-45.6207
-44.5486
-46.8486
-45.5654
-46.7678
-46.0944
-49.2471
-47.4651
-48.6396
-50.5371
-51.4853
-50.6836
-46.9264
0
