0
0.996008
0.996584
0.996413
0.994649
0.994666
0.994314
0.998851
0.996783
0.995726
0.998908
0.99622
0.998842
0.998033
0.99827
0.997542
0.999501
0.999774
0.999863
0.999905
0.999738
0.999824
0.99965
0.999794
0.999801
0.999745
0.99863
0.999552
0.999759
0.999807
0.999656
0.999803
0.99962
0.999611
0.999773
0.999614
0.9994
0.99944
0.99855
0.999317
0.998792
0.998164
0.998322
0.998
0.998377
0.998333
0.998482
0.998687
0.998768
0.998657
0.99848
0.998606
0.997788
0.997411
0.998028
0.997164
0.998319
0.997696
0.996444
0.997776
0.997615
0.997884
0.996511
0.996792
0.997726
0.998472
0.998132
0.99817
0.998437
0.998214
0.997087
0.997918
0.998659
0.998631
0.997657
0.997845
0.999495
0.998581
0.997867
0.99874
0.998286
0.997796
0.997605
0.997627
0.997413
0.994963
0.997682
0.997838
0.965533
0.980534
0.991513
0.991478
0.99298
0.992253
0.992397
0.990813
0.990679
0.989767
0.988579
0.988319
0.990691
0.993796
0.99537
0.994809
0.995281
0.995744
0.996551
0.997499
0.997233
0.996757
0.996518
0.997139
0.997874
0.998065
0.998328
0.998299
0.998114
0.998187
0.998087
0.997398
0.996119
0.995862
0.995934
0.99763
0.99785
0.998586
0.998895
0.997346
0.996605
0.995062
0.995851
0.994574
0.997001
0.996727
0.997731
0.997346
0.998067
0.997193
0.998165
0.998165
0.996496
0.996626
0.996815
0.99865
0
