0
0
0
0
0
0
0
0
0
0
0
0
0
0
0
0
97.3631
97.3631
97.3631
500
500
500
500
500
500
119.107
119.107
500
500
500
500
500
173.913
173.913
173.913
71.535
71.535
89.0538
108.844
108.844
129.032
129.032
0
0
106.904
106.904
106.904
101.911
101.911
100.84
96.3855
95.0495
0
0
0
0
0
0
0
0
0
0
0
0
112.941
112.941
112.941
0
0
0
0
0
0
0
0
0
0
0
0
0
0
0
0
0
0
0
0
0
0
194.332
222.222
222.222
223.256
225.352
225.352
224.299
223.256
219.178
217.195
214.286
211.454
208.696
205.128
201.681
200
195.918
192
189.723
186.77
183.908
180.451
177.778
172.662
170.213
168.421
166.667
163.823
162.162
162.162
162.162
162.162
162.162
182.51
182.51
178.439
174.545
174.545
174.545
145.897
145.897
145.897
145.897
145.897
106.43
106.43
192
192
192
204.255
204.255
0
0
0
184.615
0
