0.0 
0.0 
0.0 
0.0 
0.0 
0.0 
0.0 
0.0 
0.0 
0.0 
0.0 
0.0 
0.0 
0.0
0.0 
0.0
0.0 
0.0 
0.0 
0.0
138.12974548339844 
121.97561645507812 
122.11677551269531 
115.20160675048828 
0.0 
0.0 
0.0 
0.0 
0.0 
141.77114868164062 
144.45130920410156
154.2495880126953 
156.14981079101562 
161.04736328125 
164.21218872070312 
167.74298095703125 
169.21820068359375 
150.93145751953125 
135.5016632080078
125.9535140991211 
146.45150756835938 
121.87323760986328 
136.51763916015625 
124.33881378173828 
0.0 
0.0 
0.0 
0.0
0.0 
0.0
0.0 
0.0
0.0 
0.0 
0.0 
148.5732879638672 
144.16941833496094 
144.48846435546875
141.694091796875 
138.8870391845703 
137.1134796142578 
133.2874298095703 
130.27638244628906 
128.02842712402344 
122.781005859375 
120.73062133789062
118.2088851928711 
115.65956115722656 
113.43401336669922 
114.00271606445312 
0.0 
0.0 
0.0 
0.0 
0.0 
0.0 
0.0
0.0
0.0 
109.93029022216797 
113.1888427734375 
111.86600494384766 
111.68344116210938 
105.10948944091797 
0.0 
0.0 
0.0 
0.0 
0.0 
0.0 
0.0 
0.0 
0.0 
0.0 
0.0 
0.0 
127.12163543701172 
116.02909851074219 
113.31561279296875 
114.46175384521484
117.11264038085938 
117.20987701416016 
118.16070556640625 
115.92941284179688 
116.3603744506836 
116.17967987060547 
117.46627044677734 
117.53960418701172 
116.74210357666016 
118.84751892089844 
118.20465850830078 
118.6522445678711 
117.80882263183594 
116.9639892578125
115.23985290527344 
0.0 
0.0 
0.0 
0.0 
0.0 
0.0 
0.0 
0.0 
0.0 
0.0 
0.0 
0.0 
0.0 
0.0
0.0 
0.0 
170.15426635742188 
134.61129760742188 
131.23060607910156 
128.84384155273438 
126.02139282226562
119.0433120727539 
115.41107177734375 
110.48099517822266 
106.42350769042969 
101.60296630859375 
97.40196990966797 
95.33679962158203 
92.34935760498047 
91.9552001953125 
88.30289459228516 
86.4218521118164 
0.0 
0.0 
0.0 
0.0 
0.0 
0.0 
0.0 
0.0 
0.0 
0.0 
0.0 
0.0  
0.0 
0.0 
0.0 
0.0 
0.0  
0.0 
0.0  
0.0 
0.0 
0.0 
0.0 
0.0 
0.0 
0.0 
0.0 
0.0
0.0 
0.0 
0.0
0.0 
0.0 
0.0 
0.0 
0.0 
0.0 
0.0 
0.0 
0.0
0.0 
0.0 
0.0 
0.0 
0.0 
0.0 
0.0
0.0 
0.0 
0.0 
0.0
0.0 
0.0 