0
0.992283
0.993182
0.993182
0.993126
0.993126
0.993126
0.995898
0.995898
0.995898
0.995898
0.995898
0.996464
0.996464
0.996464
0.996464
0.999386
0.999752
0.999861
0.999861
0.9998
0.9998
0.999741
0.999741
0.999741
0.999706
0.999451
0.999451
0.999735
0.999735
0.999735
0.999735
0.999574
0.999574
0.999581
0.999581
0.999335
0.999335
0.999139
0.999139
0.998268
0.997925
0.997925
0.997911
0.997911
0.997974
0.998157
0.998396
0.998396
0.99836
0.99836
0.99836
0.997253
0.997209
0.997209
0.997209
0.997413
0.997413
0.997122
0.997122
0.997122
0.997122
0.995469
0.995469
0.997231
0.997426
0.997426
0.997561
0.997839
0.997839
0.996967
0.996967
0.99822
0.99822
0.997179
0.997179
0.998398
0.998398
0.998398
0.998398
0.997838
0.996976
0.996976
0.996976
0.996347
0.996347
0.99722
0.99722
0.980411
0.980411
0.99145
0.991464
0.992263
0.992263
0.992263
0.990855
0.990709
0.989781
0.988601
0.988601
0.990712
0.993797
0.994798
0.994798
0.995279
0.995731
0.996523
0.997225
0.997225
0.996744
0.996744
0.997137
0.997854
0.998043
0.998285
0.998285
0.998149
0.998149
0.997994
0.997228
0.995992
0.9959
0.9959
0.997515
0.997726
0.998341
0.998341
0.997003
0.996264
0.995557
0.995557
0.995557
0.996177
0.996177
0.996793
0.996793
0.996793
0.996793
0.997582
0.997582
0.995179
0.995179
0.996453
0.998421
0
