0
0.205987
0.140559
0.225232
0.124782
0.225265
0.00325632
0.199983
0.177818
0.203872
0.439872
0.435669
0.103561
0.194507
0.431076
0.286279
0.427853
0.236032
0.197262
0.116112
0.125819
0.21806
0.317259
0.40463
-0.154428
0.357587
0.187128
0.214171
0.272502
0.277981
0.342328
0.204635
0.276981
0.505578
0.0664593
0.079645
0.290806
0.383802
0.206224
0.336472
0.202931
0.308359
0.0963308
0.0328591
0.148609
0.291678
0.229256
0.263867
0.389391
0.348504
0.284157
0.298834
0.204979
0.16479
0.132533
0.186275
0.319808
0.165911
0.192269
0.200259
0.142846
0.235705
0.186595
0.332528
0.326799
0.304389
0.335227
0.206516
0.257401
0.261396
0.246093
0.247944
0.206856
0.41402
0.345599
0.241301
0.367676
0.237578
0.44829
0.212278
0.193371
0.303585
0.198516
0.183864
0.390704
0.162913
0.248115
0.226725
0.180742
0.39146
0.502588
0.803403
0.87262
0.875828
0.876842
0.880888
0.865064
0.874559
0.867937
0.85973
0.858269
0.852423
0.846005
0.852691
0.85032
0.843075
0.833265
0.834178
0.83415
0.803835
0.80363
0.804689
0.788863
0.79624
0.782591
0.783773
0.759015
0.724546
0.611104
0.218475
0.38003
0.292348
0.295648
0.662169
0.481972
0.598783
0.748975
0.46084
0.368284
0.155869
0.299391
0.196718
0.489841
0.193843
0.272171
0.333972
0.414315
0.174499
0.375122
0.456352
0.308228
0.285236
0.319541
0.49982
0
