0
0.316277
0.204848
0.204848
0.179111
0.179111
0.179111
0.179111
0.192166
0.225595
0.363927
0.363927
0.242348
0.242348
0.317784
0.317784
0.317784
0.233438
0.186121
0.11246
0.11246
0.190907
0.324781
0.324781
0.324781
0.324781
0.211327
0.211327
0.252238
0.275436
0.275436
0.275436
0.280323
0.280323
0.0646618
0.0646618
0.297889
0.297889
0.297889
0.297889
0.297889
0.297889
0.0725506
0.0725506
0.141447
0.18227
0.18227
0.227205
0.373944
0.373944
0.316202
0.316202
0.203063
0.14737
0.14737
0.17971
0.179979
0.179979
0.181574
0.181574
0.181574
0.191249
0.191249
0.299076
0.299076
0.299076
0.299076
0.251366
0.251366
0.251366
0.251366
0.218333
0.218333
0.305933
0.305933
0.305933
0.305933
0.305933
0.305933
0.234298
0.234298
0.234298
0.206975
0.206975
0.206975
0.206975
0.206975
0.203025
0.203025
0.389265
0.501325
0.803119
0.872598
0.875874
0.876763
0.876763
0.874558
0.874558
0.867918
0.859719
0.858316
0.852323
0.852323
0.852323
0.85033
0.843017
0.834112
0.834112
0.834112
0.804255
0.804255
0.804255
0.79617
0.79617
0.78341
0.78341
0.758851
0.724286
0.610268
0.366423
0.366423
0.29108
0.29108
0.467532
0.467532
0.563072
0.563072
0.467702
0.360652
0.293967
0.293967
0.293967
0.293967
0.265834
0.265834
0.268341
0.268341
0.268341
0.353339
0.353339
0.274252
0.274252
0.288476
0.43638
0
